juntas de canaleta no meio de BLOCO INTEIRO da fiada c-2: 43
  por parede:fiada: [((0, 4), 3), ((0, 11), 14), ((0, 12), 6), ((1, 11), 2), ((3, 11), 4), ((3, 12), 2), ((6, 11), 2), ((8, 11), 2), ((17, 12), 1), ((24, 12), 2), ((26, 12), 3), ((27, 12), 2)]
   (0, 4, 'UCUT', 800, 'B39', 790, 829)
   (0, 4, 'U34', 1664, 'B39', 1630, 1669)
   (0, 4, 'UCUT', 2000, 'B39', 1990, 2029)
   (0, 11, 'U34', 49, 'B39', 15, 54)
   (0, 11, 'U39', 50, 'B39', 15, 54)
   (0, 11, 'U39', 249, 'B39', 215, 254)
   (0, 11, 'U39', 250, 'B39', 215, 254)
   (0, 11, 'U34', 1199, 'B39', 1195, 1234)
   (0, 11, 'U34', 1200, 'B39', 1195, 1234)
   (0, 11, 'U34', 1284, 'B39', 1250, 1289)
   (0, 11, 'U39', 1285, 'B39', 1250, 1289)
   (0, 11, 'U39', 1484, 'B39', 1450, 1489)
   (0, 11, 'U39', 1485, 'B39', 1450, 1489)
   (0, 11, 'U34', 1634, 'B39', 1630, 1669)
   (0, 11, 'U39', 1635, 'B39', 1630, 1669)
   (0, 11, 'U34', 2399, 'B39', 2395, 2434)
   (0, 11, 'U34', 2400, 'B39', 2395, 2434)
   (0, 12, 'U34', 264, 'B39', 235, 274)
   (0, 12, 'U34', 265, 'B39', 235, 274)
   (0, 12, 'U34', 404, 'B39', 395, 434)
   (0, 12, 'U34', 405, 'B39', 395, 434)
   (0, 12, 'U39', 1669, 'B34', 1650, 1684)
   (0, 12, 'U39', 1670, 'B34', 1650, 1684)
   (1, 11, 'U34', 999, 'B39', 995, 1034)
   (1, 11, 'U34', 1000, 'B39', 995, 1034)
   (6, 11, 'U34', 454, 'B39', 420, 459)
   (6, 11, 'U34', 455, 'B39', 420, 459)
   (8, 11, 'U34', 174, 'B39', 140, 179)
   (8, 11, 'U34', 175, 'B39', 140, 179)
   (3, 11, 'U39', 1199, 'B39', 1175, 1214)
